eval_loss = 0.7424312829971313
f1_score = 0.8288288288288289
precision = 0.8214285714285714
recall = 0.8363636363636363
